,T=0.01,T=0.02,T=0.022,T=0.025,T=0.029,T=0.03,T=0.032,T=0.035,T=0.036,T=0.04,T=0.042,T=0.044,T=0.045,T=0.046,T=0.048,T=0.05,T=0.055,T=0.06,T=0.065,T=0.067,T=0.07,T=0.075,T=0.08,T=0.085,T=0.09,T=0.095,T=0.1,T=0.11,T=0.12,T=0.13,T=0.133,T=0.14,T=0.15,T=0.16,T=0.17,T=0.18,T=0.19,T=0.2,T=0.22,T=0.24,T=0.25,T=0.26,T=0.28,T=0.29,T=0.3,T=0.32,T=0.34,T=0.35,T=0.36,T=0.38,T=0.4,T=0.42,T=0.44,T=0.45,T=0.46,T=0.48,T=0.5,T=0.55,T=0.6,T=0.65,T=0.667,T=0.7,T=0.75,T=0.8,T=0.85,T=0.9,T=0.95,T=1.0,T=1.1,T=1.2,T=1.3,T=1.4,T=1.5,T=1.6,T=1.7,T=1.8,T=1.9,T=2.0,T=2.2,T=2.4,T=2.5,T=2.6,T=2.8,T=3.0,T=3.2,T=3.4,T=3.5,T=3.6,T=3.8,T=4.0,T=4.2,T=4.4,T=4.6,T=4.8,T=5.0,T=5.5,T=6.0,T=6.5,T=7.0,T=7.5,T=8.0,T=8.5,T=9.0,T=9.5,T=10.0
T=0.01,1.0000000000000002,0.998474573345904,0.9975462839521019,0.995484386375174,0.9912087930778515,0.9895842061838112,0.9864488430762853,0.9804805909343496,0.9782943916885958,0.9711877077915444,0.9670043934363791,0.9627320406946493,0.9602006265194751,0.9572574928276854,0.9518775500644804,0.9475686933679691,0.9381286408872597,0.9281483629730494,0.9183781510239575,0.9147069790464535,0.9098868820332907,0.9031446149203449,0.8984020698516699,0.8945631965704525,0.8916218057964322,0.8895697159938714,0.887719024795382,0.8879429242365884,0.8863978901797267,0.8900108175775782,0.8897447043915386,0.8915202251056615,0.8905201805457457,0.8892343231112178,0.8874287504398444,0.8878545024063522,0.8878633100128972,0.8882194733774644,0.8868384777118642,0.8790101021446344,0.8713986898716185,0.8650065305209486,0.8563971388457595,0.8521483067788365,0.8481707286668567,0.8369705863959656,0.8250434548555873,0.8186711120478029,0.8115172445729006,0.7965196507630657,0.7847524188807308,0.7705436741495667,0.7556889828917455,0.7494470066995381,0.743918489607908,0.7307973865183773,0.7188413033819498,0.6820736263615952,0.6495003294980637,0.6215399019853474,0.6151576418022968,0.5982078080730376,0.5767767132286349,0.5549721033805781,0.5364926837100472,0.5173998129404783,0.49861397794772894,0.4812968052103625,0.4517496957965993,0.4322683178770329,0.415587314613941,0.4033951002225452,0.38188607118053386,0.36845773042750846,0.3571421843167237,0.34000142550701656,0.3310565815584423,0.3234961003661711,0.3165988076291815,0.31477388426219793,0.320359849193555,0.31626226887221726,0.3100941080262863,0.3072797596097838,0.30461592841705953,0.3004927670038985,0.2936184041670389,0.28918545042999266,0.27487266158635126,0.27610828249109254,0.2667599671877176,0.2635526893986187,0.25958523085168334,0.251020391386293,0.24296102354668875,0.2310214761672956,0.2215695616679064,0.20636124941186085,0.21045881954887055,0.19901909193815367,0.21114190012470238,0.21931308962259688,0.2075317582512184,0.19684125461647134,0.18990462541280256
T=0.02,0.998474573345904,0.9999999999999998,0.9996188945587491,0.998166042363736,0.9947061047556448,0.9934232827066726,0.9908567159354754,0.9853970154671507,0.9832635880481344,0.9765555853126444,0.9724340795676255,0.9683589816638726,0.9659395937481733,0.9631392382847673,0.9580690209175232,0.953813465742263,0.9447674124263781,0.9347914142154569,0.925088837615568,0.9213663284503864,0.9163965885641749,0.9093992657052454,0.9040478570596229,0.8996715748575933,0.8963231579538709,0.8939523307857113,0.8918306007806107,0.8912832715520262,0.8886607039536046,0.8911637339163553,0.8906156200026327,0.8915940456001406,0.8894623377423742,0.8875381094757807,0.8850258539023891,0.8846499064532665,0.8842756392206097,0.8845903397719309,0.8827391174099211,0.8743821530848664,0.8664212837297239,0.8597485314707889,0.8506180834903375,0.8462968544796526,0.8421883765401346,0.8304325737931515,0.8180639324388648,0.811612885471497,0.8043907632905362,0.7890851626172872,0.777295094538171,0.7630001127833396,0.7475828797007608,0.7412992331358871,0.7357559480021997,0.7224499325470292,0.7103313386664608,0.6735241628130852,0.6408576303799276,0.612963362125627,0.6065971566831349,0.5897069297795459,0.5682051921555283,0.5464719229037328,0.5281027197837458,0.5089165523115073,0.48987035765129733,0.47230386036319216,0.4426677997554114,0.4234990018603123,0.407392684760046,0.395482288810316,0.3735873025145478,0.3597368626470409,0.34817039472573735,0.33119102374786613,0.322613785345156,0.3155070217526395,0.3095699820182423,0.30844598410917373,0.3143205355974421,0.31064142871353356,0.3048336227439764,0.3021550685253463,0.2998206857157166,0.2958124458297934,0.2890628314110004,0.28469453127219035,0.27038846607766753,0.27193629236124667,0.26268789065593806,0.2595082643457255,0.25568783379559096,0.24741118788833433,0.23955792170169707,0.22776494885474638,0.21796058647419006,0.20243049799196675,0.20678373797250252,0.19519992936384226,0.20750325190442756,0.2163815573270424,0.20457367737226326,0.19398141357530882,0.18719367391093156
T=0.022,0.9975462839521019,0.9996188945587491,1.0,0.9990659901045551,0.9960569428496614,0.994901763457398,0.992426995501848,0.9869922658329073,0.9848917648508481,0.9783172698354498,0.974262890710716,0.9702928096309591,0.9679144119704466,0.9651660347144414,0.9602291247602328,0.9560484218496225,0.9470899427455093,0.9372459713519917,0.9277278321671539,0.9239799485010238,0.918949093179523,0.9121195757866598,0.9067361858997349,0.9021091547606431,0.8986140797963013,0.8962558586986396,0.8941066132911655,0.8931113294893277,0.8901825414352199,0.8923254056884866,0.8916598781724381,0.8922531337720538,0.8897135341696484,0.8876426937100372,0.8848812556772366,0.8840994588445801,0.8834366870150421,0.8834016500011237,0.8813415521350032,0.8727267412178776,0.8645081824893648,0.857582609612087,0.847880667921171,0.8432990525960564,0.8389550969449882,0.8267671203983435,0.8141486800253148,0.8075002542034047,0.8001547520208308,0.7846730680123226,0.7726675870965569,0.7582080535950345,0.7425750076978445,0.7362274824941368,0.7306554177817628,0.7172812178333595,0.7051185669997223,0.6683417168924783,0.6353661374116825,0.6074477389434246,0.6011754199732892,0.584403371860539,0.5629167987504126,0.5410719852085805,0.5226576654523628,0.5033624587621083,0.4841512103438714,0.4664383113459246,0.43674420310299245,0.4177616722272014,0.40183397168783125,0.3900593758684565,0.36819037118226083,0.35431268431758206,0.3432262665761672,0.32643433970339847,0.317972007295142,0.31096484202709895,0.305378401951163,0.30457165361787425,0.31062964899941503,0.30714741818238767,0.3014601256870266,0.2990465108543727,0.2969166983820077,0.29300402246101853,0.28628529666554425,0.2819890831367838,0.26772794287647733,0.2693777750963579,0.26042487146589594,0.2574817565916306,0.25402147145245246,0.24595281727263035,0.2382702612940652,0.2268659867348002,0.21719940946448163,0.2017730799416085,0.20658062228798832,0.19516892306246186,0.20722582253293942,0.21583135582911828,0.20409263611274367,0.19352581760890197,0.18677184745609432
T=0.025,0.995484386375174,0.998166042363736,0.9990659901045551,1.0,0.9980375989053264,0.9971381207437446,0.9950907280567531,0.9901585320353343,0.9882840838214598,0.9821471691759586,0.9783578916555979,0.9744699408519124,0.9721711903663055,0.9695816368779263,0.9648495878499752,0.960741436798913,0.9518513689331229,0.9421864925526523,0.932633360435809,0.9287553024068962,0.9236514672847627,0.9166952994332681,0.9111433113293438,0.9065694376430788,0.902948093903411,0.9002721131754188,0.8978159448623182,0.8957833100724676,0.8920774980771286,0.8932659839596067,0.8922999130725774,0.8922284953052121,0.8889383895729019,0.8862760106360132,0.8830159641870987,0.8815843110042485,0.8803396487617278,0.8797376850272872,0.8765705577114975,0.8672244856214885,0.8583851319090843,0.8509957847104358,0.8408123345671203,0.8360103530747969,0.8314424070365152,0.8186741727225949,0.8056922488057995,0.7987039745663876,0.7911293639194407,0.7754437197186878,0.7634746223664274,0.7488995668366148,0.732691688690153,0.7261446161008375,0.720414238828029,0.7067394096829022,0.6944442223658094,0.6577538089589411,0.6244628725385888,0.596290788761413,0.5900857160186611,0.5733005989753277,0.5516908145180006,0.5297391227115104,0.5116160619583069,0.4924623594559773,0.47308414888415695,0.4553804096058092,0.4259096363721805,0.4077836699191428,0.3922254976020594,0.38091878319126676,0.35925144192827246,0.3455046948959127,0.33458634362806405,0.3180491642237721,0.3099374056950724,0.30327806291517584,0.2981939818401239,0.2979896539801215,0.30439832277451145,0.30126296504790406,0.2957775140400619,0.29345356381805265,0.29144605719945277,0.2879187549467628,0.2814378588621786,0.27722965459298704,0.2631979071278939,0.265297941928373,0.25707856519089356,0.2543165752211907,0.25126216937093154,0.24348296663101518,0.2360593109329897,0.2251561652526404,0.21571557720491447,0.20034799923683727,0.20520910694389988,0.19388188953957652,0.20567610165281885,0.2136797693614244,0.20207142407322531,0.19144315364573214,0.18460142516491054
T=0.029,0.9912087930778515,0.9947061047556448,0.9960569428496614,0.9980375989053264,1.0,0.999760377682082,0.9984502544918306,0.9947659192604582,0.9933840562043689,0.9882475983201785,0.985070637363281,0.9816701182218884,0.9796262680948181,0.9773224458346065,0.9730286501649964,0.9691089400950459,0.9600317771811838,0.9505888653228489,0.9412064885196884,0.9373732520575424,0.9321816403593586,0.9246954019637077,0.9185818061576703,0.9136522215563955,0.9093744641756352,0.9056469271181767,0.9026605353989554,0.8989527232922638,0.8936048224437587,0.8927765478457919,0.8913491867380905,0.8901931594703146,0.8860024341333756,0.8824221137730387,0.8784430206024646,0.8761192018961103,0.8739169625386289,0.8724338822800332,0.8677394876426077,0.8568192910807497,0.8473935290209396,0.8395831596964829,0.829026853130346,0.8239902278087085,0.8191700386556604,0.8056628184325656,0.7922202884244977,0.7849244019055199,0.7771151954604928,0.7613161923990455,0.7491603069993453,0.734530602440237,0.717965907927264,0.711221181114802,0.7052170566071841,0.6908728426915061,0.6782542505765433,0.6411923738284094,0.6081189946130838,0.5797764319295765,0.5736453045958539,0.5569124636948374,0.5348029469547793,0.5122441862047757,0.4942770679440091,0.4751083766143202,0.455617156997746,0.4379675746927273,0.4085776205400522,0.3915906248676364,0.3766892632511687,0.3656630152340194,0.34381756254261686,0.33043419145631914,0.31987009548315815,0.3035934127452946,0.2961435785640311,0.2899996560363074,0.2853713042205895,0.2862278075813127,0.2930205013499427,0.290346798539174,0.2855592815286559,0.28363447009035236,0.2820820020828809,0.2781329306447767,0.2718956691799055,0.26779642079510824,0.25393671094359166,0.2568804734943299,0.2493525091195622,0.24681174368383876,0.24399737275941408,0.23660860613650805,0.22944530755769885,0.21970261923763762,0.21080056531589017,0.19568418175334887,0.20066441369887505,0.18980064220188744,0.20124916510218782,0.20795237762939014,0.19617960393367895,0.1856932571397919,0.17888142022001585
T=0.03,0.9895842061838112,0.9934232827066726,0.994901763457398,0.9971381207437446,0.999760377682082,1.0,0.9991136177024035,0.9957640296392792,0.9945008300390001,0.9896151175947269,0.9865667909896924,0.9832997616507264,0.9813462223950333,0.9791411034428532,0.9749366490531618,0.9710168522732052,0.9618471280992738,0.9524650160777636,0.9431236248825906,0.9392677556859254,0.9340348202412434,0.9264679030330393,0.9201782287075286,0.9151754797761681,0.9107241559883987,0.9067552501139972,0.9035619644186093,0.8993758220537502,0.8936708004995874,0.8923036325508432,0.8907593827871718,0.8892702469552558,0.8847757866815822,0.8809125192527192,0.8766968424696038,0.8740442992360226,0.8716598111677342,0.870071736463586,0.8648797751232895,0.8535806299079131,0.8439838541804792,0.8360285824132614,0.8251402455052389,0.8199928440573729,0.8150425796642446,0.8013412609022391,0.7878492224822374,0.7805241985112463,0.7727084983046765,0.7569169059409785,0.7446427959547769,0.7299790402255792,0.7133082266563231,0.7065178119733749,0.7004656627172108,0.6859917561217598,0.6732763993937726,0.6362452815165877,0.6032566232829093,0.574817643369561,0.5686367366554239,0.5517935407251507,0.5297048165890893,0.507040919510114,0.4891335211550817,0.46994921026970865,0.4504624303741539,0.4328142907239831,0.4033784483499731,0.3865791482500766,0.3717710112020067,0.3607255303041312,0.3387907941707001,0.32551919515240735,0.3149543287953719,0.29881223495371206,0.2915689147807551,0.2855458810918304,0.28125585468372716,0.2825958676634748,0.2895751023161012,0.2870351025115883,0.2823923012084354,0.28045258242127585,0.27889873940191384,0.2748378699696824,0.26857458488979585,0.26454188895184816,0.25078268262714976,0.25388482869158624,0.24629111061775413,0.24372616682195772,0.24098959578252535,0.23373740466069104,0.22670485803082008,0.21725851728187157,0.2083534166093452,0.19345104037145333,0.1984430039283889,0.18767104154261624,0.19901693544074872,0.20538635969315314,0.1935886702934577,0.1831188611159348,0.1762787751584184
T=0.032,0.9864488430762853,0.9908567159354754,0.992426995501848,0.9950907280567531,0.9984502544918306,0.9991136177024035,1.0,0.9978469887151926,0.9967893007881086,0.9923524816296526,0.9895438613129478,0.9864834452928175,0.9846701125059855,0.9826612242324979,0.9786889586181053,0.9749877276580514,0.9659238383034832,0.9565584051936351,0.9472522701593873,0.9434166004351682,0.9382432417469578,0.9306413769271022,0.9239084455928881,0.9187814986025669,0.9139190302503786,0.9093408017293816,0.9055889435604794,0.900323804752848,0.8937964668246685,0.891257587466029,0.8895133645267701,0.8876198139475631,0.8825948038861613,0.8781525416593274,0.8734616587212708,0.8702444238030651,0.8675158818287657,0.8655069861858969,0.8595290866398674,0.8472860805730004,0.8372197092301867,0.8287944969316717,0.8173183606066948,0.8120265749763429,0.8069706725134569,0.7930372655302412,0.7791925268749765,0.7716080657183711,0.7635500470820376,0.7475724907030599,0.7350447155574562,0.7200033834401388,0.7030637318932375,0.6961844722589887,0.6900561569708074,0.6753166564688033,0.6623349156128424,0.6250933820949243,0.5920423488171694,0.5635672750235619,0.5574872835942787,0.5406788641187555,0.5187441102316817,0.49600060286095726,0.47828938312897185,0.45917216189355653,0.4396513572944253,0.4218828356520409,0.3924119326217782,0.37597789423839867,0.3614262922779775,0.35041107853615777,0.3284943400181624,0.3156131733527985,0.30500234822206085,0.2891013525221486,0.2822604013399289,0.27652827718245093,0.27247044356027644,0.2745314405198011,0.28175437008485904,0.27960238519301955,0.2755164321123957,0.2736153662231256,0.27222276806395795,0.2682444273425873,0.2619704935833028,0.25800679723509,0.24452379828586643,0.24817925255018325,0.2400129400429413,0.23723003327819583,0.23462950558888174,0.22774128309027705,0.22103847019055592,0.21167313869461837,0.202318916866283,0.18709541053168194,0.19176698861073385,0.1812508118047212,0.19250843687361702,0.1987938563879049,0.1868318770696969,0.17627087435045422,0.1692677699821162
T=0.035,0.9804805909343496,0.9853970154671507,0.9869922658329073,0.9901585320353343,0.9947659192604582,0.9957640296392792,0.9978469887151926,1.0,0.9996197259764307,0.995842333794956,0.9933079942433003,0.9905183967375839,0.9889296833558496,0.9872083750036118,0.9834789361624657,0.9798767519211646,0.9709631136793649,0.9617516927096311,0.9525639336876587,0.9488373320242901,0.9439019117898441,0.9360115935526222,0.9288350372941543,0.9234388167932965,0.9178459856535964,0.9124796161729739,0.9081498688408784,0.9016267452381923,0.8941430497328812,0.8895921958360334,0.8874431712626382,0.8848325463256664,0.8790207208758769,0.8734042987164883,0.8680560575030485,0.8636026719489417,0.8597599006920661,0.8570619272334191,0.8499011936213519,0.8362142965173041,0.8256906617140455,0.8169159516381637,0.805225992020976,0.7995839031998735,0.7941590923594726,0.77984013458176,0.7656096856859933,0.7577139024542755,0.7492640456910376,0.7328617774074361,0.7199210020422803,0.7045297066400312,0.687466927104901,0.6807033298276687,0.6747160061727514,0.6597519440450798,0.6463808714409486,0.608411006004829,0.5752516260645982,0.546639730466996,0.5405042490349824,0.523494805019389,0.5014430917529312,0.47901791477347205,0.46194946596228875,0.442836139311285,0.423388262647342,0.4058535452570577,0.375826709346689,0.3596513795631746,0.3452777311990259,0.3345600975829844,0.31283430725071926,0.3003703946388366,0.2898288942749847,0.27476493097438587,0.2686990664464247,0.2635811478766291,0.26033394574580154,0.26354505974601883,0.27128584744988066,0.2698445454036083,0.266156833657881,0.26400928153481573,0.262666279580289,0.2587871927392452,0.25270020062347276,0.2488506205393467,0.2353819956616808,0.2393292200996597,0.23074683919310635,0.22815646157357358,0.22588310829117256,0.21934387496986446,0.21282157425604437,0.20315300146286897,0.19370099274731448,0.17799973936505611,0.18244659738382507,0.1721823361557646,0.18381296167628716,0.18952458814471443,0.17765591327073307,0.16685791336526268,0.15968661752036842
T=0.036,0.9782943916885958,0.9832635880481344,0.9848917648508481,0.9882840838214598,0.9933840562043689,0.9945008300390001,0.9967893007881086,0.9996197259764307,0.9999999999999998,0.9968813489963375,0.9944839569401702,0.9918720276764096,0.990381474530987,0.9887368877457898,0.9851328887280071,0.9815250517967029,0.9726799512254716,0.9635520946417564,0.9544068624271347,0.9507342753745903,0.9458204172063314,0.937757061518844,0.9303975055519711,0.9250121174861919,0.9193037091294822,0.9137592525476411,0.9092809663650824,0.9024428518669986,0.8945688497288218,0.8892962420019519,0.8869971175428063,0.8841455716317064,0.8780707215160604,0.8721613923267585,0.8664676248658005,0.8615499464343197,0.857213853859254,0.8542353298559207,0.8465233531299292,0.8322705529967309,0.8214440553063347,0.8124047611176439,0.8004776773177743,0.7946690841637258,0.7890990815208693,0.7746264114149919,0.7602077996901154,0.7521778151570692,0.7435940481141025,0.7271358468022953,0.7141359864637806,0.6985787683628338,0.6814131174689952,0.6745889727862002,0.6685818001207342,0.653581307395777,0.6401265668435069,0.6019826017116876,0.5687033526713385,0.5399657643219177,0.5337973433754825,0.5168191752822328,0.4948327928282808,0.4723999779122181,0.4555206928066937,0.436623097595556,0.41726898531437484,0.39985789898890267,0.36979319786814685,0.3539181287569601,0.33965587581991913,0.32895353295446594,0.3071003637631133,0.2946818270207873,0.28425586693422816,0.26942499243289203,0.2636156585474325,0.25873887749847396,0.2559349931929779,0.2595568431610206,0.2675025222956272,0.26629613058641816,0.2627264019532072,0.2605384806002186,0.2591994845858116,0.2552486332161476,0.2492313789210831,0.24539570964500862,0.23201057117479196,0.23588198563314028,0.2272427861837406,0.22458773799391352,0.22235110049114493,0.21583759078242534,0.2093022378596195,0.1996867915842417,0.19023619515353019,0.17460710857689182,0.1790825006167376,0.16905157007346466,0.1806124039948855,0.1861146933959703,0.17432730107351402,0.16341576692734755,0.1560673703259825
T=0.04,0.9711877077915444,0.9765555853126444,0.9783172698354498,0.9821471691759586,0.9882475983201785,0.9896151175947269,0.9923524816296526,0.995842333794956,0.9968813489963375,1.0000000000000002,0.9986589336473154,0.9964480097874354,0.9951341834769898,0.9936463392730166,0.9904959353598589,0.9874428429026775,0.9796680671159309,0.9710522495132182,0.9621533774837392,0.9587058050290965,0.9539287672996972,0.9456930065079703,0.9378497430232042,0.9321593968313856,0.9255876718562007,0.9193027692016045,0.9143227633317309,0.9059455197098545,0.8967550626915741,0.8899975747335274,0.8872878575078702,0.8836530129203083,0.8761657818765658,0.8689978162284024,0.8618198565526963,0.8555942927744049,0.850160920573024,0.8459743004531641,0.8363055397173597,0.8203078067895501,0.8089568162921711,0.7995643226027263,0.7867117367627592,0.7805327067823721,0.774577916625239,0.7590295531139191,0.7440287712724688,0.7358771584545747,0.7270662374061039,0.710350379940365,0.6971080252890041,0.6812513309552294,0.663533116221488,0.6564184497643367,0.6502180285616593,0.6350181779696572,0.6212512588958624,0.5825831125401583,0.5484214964769588,0.5198089838827692,0.5136946735328807,0.49641449657445746,0.47414570409321155,0.4516834839930402,0.43535263309616706,0.4169004944464284,0.39747091874715174,0.38017839560377875,0.3505312104819962,0.3349049597120023,0.32105506292143754,0.310404788430608,0.28820357634954674,0.27575497846317615,0.26449902007115594,0.2500973339610541,0.24469710886704923,0.24052864279754838,0.2381098042023998,0.24313189957965647,0.25155467961919026,0.2510824040796335,0.2483274070676989,0.2460342199312398,0.2448433653947429,0.2411443039338566,0.23553387161111947,0.23221588808762977,0.2194146271483846,0.22361047707436263,0.21541870536465668,0.21255883785961296,0.21051977132925864,0.20421068057332287,0.19795590867328564,0.18787886720543756,0.17868932394510542,0.16333705052815697,0.16788377854194653,0.15838419185957445,0.169906895192017,0.17429045604440596,0.1621488309061163,0.1510401014857141,0.14352781028567274
T=0.042,0.9670043934363791,0.9724340795676255,0.974262890710716,0.9783578916555979,0.985070637363281,0.9865667909896924,0.9895438613129478,0.9933079942433003,0.9944839569401702,0.9986589336473154,1.0,0.9987760989008749,0.9976466452922974,0.9963242194976708,0.9934795561624605,0.9906322765981506,0.9831387901530707,0.9745577633498005,0.9656811878483914,0.9622025436669025,0.9572381307462038,0.9489445245237459,0.9408329021655434,0.935178889248806,0.9286593455859729,0.9219658108331948,0.9165940066547812,0.9074351164978043,0.8975742079385445,0.8902941072841133,0.8874048786294243,0.8832839973031237,0.8752450170913543,0.8672950402979589,0.8596042410211391,0.8527304888633537,0.8463440493673667,0.8415585661054087,0.8309926501796012,0.8140941678814636,0.8022239729547171,0.7922552139524957,0.7789654896362783,0.7725414712524029,0.7665331885998251,0.7504830117560409,0.7350931049826558,0.7267404915001355,0.7176472984264014,0.7005185722039481,0.6868621569360256,0.6705150638847693,0.6524730442240174,0.6452456655557862,0.6389945352093837,0.6236963840826824,0.6098372648020849,0.5705702847134116,0.5363946536452711,0.5080475116091221,0.5020855214786601,0.484676130442289,0.46261426504243786,0.4402822799768498,0.4242679188970031,0.4061246074885638,0.38681396883791547,0.3697424249583559,0.3406005420101435,0.3251368238914759,0.31136233532623725,0.30076230719224684,0.2782457658149948,0.2662224453589489,0.2552371692336294,0.2410803338950101,0.23601360363541554,0.23218903146622927,0.2302480990647979,0.2360112373762212,0.2445907103008,0.2443290465472768,0.24204165982304232,0.24005176387195748,0.238877512967951,0.23517456510252427,0.2297984162575955,0.2266506356804218,0.214189274196802,0.21870450218963708,0.21020646674531704,0.20725639059783763,0.2051302905627525,0.1988810966473841,0.19258380056149516,0.1818838207337877,0.1722513769723439,0.15690453434595422,0.16112504165212554,0.15144969658295993,0.16329573499067357,0.1675394745947147,0.15539159841607797,0.1443334805419772,0.13694622598325668
T=0.044,0.9627320406946493,0.9683589816638726,0.9702928096309591,0.9744699408519124,0.9816701182218884,0.9832997616507264,0.9864834452928175,0.9905183967375839,0.9918720276764096,0.9964480097874354,0.9987760989008749,1.0,0.9995943552252075,0.9986517838832233,0.9960276946906144,0.993257095065228,0.9863604894458238,0.9781662148678788,0.9694024157655357,0.9659815280555619,0.9608932011210563,0.9523770637061394,0.944211937832905,0.9384842826548656,0.9318763385957823,0.9249934232400355,0.9192659116702246,0.9097174296133648,0.8993728148658657,0.8911448184225473,0.887987503037814,0.8831985589880423,0.874951451018659,0.8666002672519363,0.8583289220439776,0.8509271358595419,0.8438620976018212,0.838550210384298,0.8268602106190517,0.8092416371193546,0.7969351864368212,0.7865245394873941,0.772295376764128,0.7655372633834944,0.7594885597007016,0.7432665542103079,0.7272607314314592,0.7185490608504045,0.7091887039383856,0.6919361104211116,0.678063379493088,0.6613968332833958,0.6430469894538821,0.6356110025368975,0.6291318498971054,0.613536110741688,0.5996421451302988,0.5597615129591939,0.5253058935405185,0.49684244117829585,0.49093608410548084,0.47360438630797436,0.45143876518943354,0.42896175694525074,0.41313041727895544,0.39527907458841977,0.37608857238235777,0.35911161473707415,0.3301648703985044,0.31501375491612804,0.3014742706130756,0.29137091090890427,0.2689507858892397,0.2568943893249102,0.24620775194521052,0.2322398368947298,0.22745933768430093,0.22374152935835856,0.22225649529062086,0.22832039811991253,0.2368300071115512,0.23663839068494832,0.23470362595402702,0.23270483148322624,0.23163772243968087,0.22792099684019992,0.22256164087226935,0.21961377617330066,0.20723109376967522,0.21203438315741513,0.20335638154449942,0.20059543337143743,0.19836690473553972,0.19223277880928724,0.18603556276273325,0.17548571551319922,0.16577330463554127,0.15101756779630124,0.15482573486136492,0.1453279613656518,0.15685592263718195,0.16147254313544654,0.14937544719186957,0.13826916701387634,0.1309406792508501
T=0.045,0.9602006265194751,0.9659395937481733,0.9679144119704466,0.9721711903663055,0.9796262680948181,0.9813462223950333,0.9846701125059855,0.9889296833558496,0.990381474530987,0.9951341834769898,0.9976466452922974,0.9995943552252075,0.9999999999999998,0.9995675136156891,0.9972245233459439,0.994536734432821,0.9878995334224074,0.9799619544298688,0.971439990120364,0.9680228924319763,0.9628636735327616,0.9542460728122258,0.9460147402512832,0.9402797478166275,0.9336773167187459,0.9265491484511909,0.920751701426175,0.9110193872569146,0.9003461083704438,0.8915375562224257,0.8881940247015527,0.8829913255546086,0.874557518543444,0.8659923192673186,0.8573851077933897,0.8495149787270794,0.8420757671655319,0.8364695890982182,0.8242988185737139,0.8061020706665337,0.7935600500578606,0.7829507605780055,0.768146184823096,0.7611947422186066,0.755021126731794,0.7385660560031583,0.7222283840281298,0.7133560052992833,0.7038812990994624,0.6866104317156754,0.6727243178405157,0.6560075423860617,0.6375483665025901,0.6300071038515684,0.6233794328388615,0.6075637463297604,0.593600527258787,0.5535270340453067,0.5188774369122161,0.4901125978157379,0.48423442360351476,0.466916198022906,0.4445284392421332,0.4219844569180203,0.40634775740275075,0.3886176150295409,0.36942794001289087,0.35247682637184047,0.3235856024981985,0.3086058381973621,0.295085714835293,0.28520271986302387,0.26294543589661895,0.2508832303537172,0.24015024940867682,0.22639859626748407,0.221831481519182,0.2182189170193277,0.21695617587865884,0.22330031787729554,0.231828495170128,0.23171294929963404,0.23004253366004163,0.2280110857444806,0.22706474944690955,0.22340329177798027,0.21820997156445546,0.21537289330224543,0.20301265155077078,0.20782116461064287,0.19899662903118065,0.1963540271062794,0.1940364686070065,0.18790012547415194,0.18178105092976213,0.17138859251473662,0.161869177847883,0.1478560077273372,0.15146495581872937,0.14206714055659903,0.15322838639440836,0.15803292983466397,0.14619446182490414,0.135203553565109,0.12787985149733883
T=0.046,0.9572574928276854,0.9631392382847673,0.9651660347144414,0.9695816368779263,0.9773224458346065,0.9791411034428532,0.9826612242324979,0.9872083750036118,0.9887368877457898,0.9936463392730166,0.9963242194976708,0.9986517838832233,0.9995675136156891,1.0,0.9984837812290562,0.9959444622676327,0.9893890258796666,0.9817625397490419,0.9734532088123619,0.970025179100013,0.9648667627354522,0.9561336343823482,0.9478345564870803,0.9419918385893038,0.9352957589519351,0.9278839900687607,0.9219094567162677,0.911997369649475,0.9010834343295478,0.8916088078251353,0.8880973799479072,0.8824692427371876,0.8737311682751848,0.8648600244912755,0.8559636377037548,0.8477257611316614,0.8400629149293034,0.8342360793694765,0.8216139603141612,0.802795473875189,0.7899759300727133,0.7791336033647462,0.7639313948894506,0.7568252064328455,0.750573720685202,0.7339172970500826,0.7171191753256313,0.7080168276604587,0.6983577619894098,0.6808642110130471,0.666903317574583,0.650115268139665,0.6314640209042927,0.6238028011614662,0.6170812793577943,0.6012056536603619,0.5872805693606243,0.5470493449466658,0.5123221032870501,0.48340747800928335,0.477529446160907,0.4601675894049859,0.43767512504895445,0.4151694566894748,0.3996606846303879,0.3819366717127097,0.36265840948317657,0.3456583557012018,0.3168417918243148,0.3021875299265483,0.28875067084724687,0.2791050926985619,0.25698094564801477,0.24496744734969567,0.23422468015599482,0.22069634697493407,0.21636585238235995,0.21284998865525595,0.21182144603289438,0.21858492068034438,0.22716828965018282,0.2271924439609823,0.22560389838806374,0.2236160277796655,0.2228085826986162,0.21925863906092047,0.21424158758175538,0.21154137339883702,0.1992360958737223,0.2038752101248951,0.19462624125941339,0.19190778628762745,0.18957711553431053,0.18354349787804322,0.17749628262349915,0.16725537254008316,0.15779868023977894,0.14401585174729173,0.14740611423866784,0.13814134307908763,0.14902107576414034,0.15448240400819913,0.14272151642650902,0.1317751504266161,0.12448489599734308
T=0.048,0.9518775500644804,0.9580690209175232,0.9602291247602328,0.9648495878499752,0.9730286501649964,0.9749366490531618,0.9786889586181053,0.9834789361624657,0.9851328887280071,0.9904959353598589,0.9934795561624605,0.9960276946906144,0.9972245233459439,0.9984837812290562,1.0000000000000002,0.9986349795057178,0.9921130323069788,0.9846868166186016,0.9764438236913047,0.9729608114209468,0.9678081620514911,0.958919045417134,0.9504970591856985,0.9443288198645455,0.937522532032483,0.9297810667047584,0.9234399444586038,0.9127992871384062,0.9015855840760822,0.8913796841677971,0.8876753972082008,0.8814508662608356,0.8720756497819473,0.8625599473080064,0.8534469862206916,0.8448383450632941,0.8365916682579063,0.8298259891888873,0.8165396050743913,0.7968756161585177,0.7835957192469674,0.7724480275153556,0.7568668672882755,0.7496222998966,0.7432789406110553,0.7262006183976885,0.7091745515688703,0.699917283506038,0.6901387444169881,0.6723985885854439,0.6580041415048233,0.6408022153709765,0.6217189457367196,0.6137988947791354,0.6067639292410801,0.5905734684693184,0.5765693793028204,0.536040660597677,0.5009378396967481,0.47211492419095025,0.46628528896721483,0.4488977012613477,0.42648482146629746,0.40412621795553255,0.3888404095343672,0.371320465160339,0.3519226917165049,0.334723288535606,0.30594915454584126,0.2916617570711612,0.2787101448544748,0.2693788561546346,0.2471489243508246,0.2354088254968824,0.2248305468750244,0.21139730040280671,0.20746778467958785,0.20428260023702569,0.20378320452301374,0.21079946473343616,0.2194090283030194,0.21964917406180465,0.21795591231446856,0.21614507110135137,0.21559401904507117,0.212109016299305,0.20700342023826895,0.20448828036282246,0.19246832984561,0.19705150792184695,0.18762309949333467,0.1848719853400079,0.18237655069819633,0.1764046949796924,0.17039906965045798,0.16050275092418537,0.15088550276237073,0.1372076470411875,0.14053811695073573,0.13104456077236026,0.14174320234131535,0.14792646309147262,0.13616661327755164,0.12565796298474402,0.11864220865902306
T=0.05,0.9475686933679691,0.953813465742263,0.9560484218496225,0.960741436798913,0.9691089400950459,0.9710168522732052,0.9749877276580514,0.9798767519211646,0.9815250517967029,0.9874428429026775,0.9906322765981506,0.993257095065228,0.994536734432821,0.9959444622676327,0.9986349795057178,1.0,0.9946421631229978,0.9873265989932138,0.9793142134321555,0.9758853035725578,0.9708242991635586,0.962072982383751,0.9533968120398657,0.947002574137188,0.9400907045910973,0.9320875502183534,0.9253508114579293,0.9140767058433105,0.9023961185511612,0.8915170416479168,0.8876310923877954,0.8811530224508846,0.8714444699455486,0.8616149065517733,0.8519135070630509,0.8430308904382425,0.8341887477096717,0.826377582794723,0.8122068162367378,0.7918344955810245,0.7779584497044336,0.7663780974498884,0.7504448002037137,0.7431528244015435,0.7367003316992167,0.7193314069406215,0.7022327755186392,0.6929214678421074,0.6830228072523753,0.6650795398299981,0.6501578526367534,0.6324939305273869,0.6129938357392268,0.6049154725963588,0.5977282925104495,0.5815298914276739,0.5673687077358861,0.5264535347791398,0.4912384604777401,0.4626564174101304,0.45704903621203413,0.439774765273407,0.4172585941294929,0.39504031023461494,0.37995687786732385,0.3626701208315986,0.3432651919719685,0.3261654548214993,0.2973715837030462,0.2825890129140535,0.26970889399795656,0.26034764882291017,0.23819530311731923,0.22686662477484962,0.21683502901285576,0.20339823244407942,0.19952253010020585,0.196269100590961,0.19585038376151231,0.20300332042564873,0.2117049657867556,0.21226493667673396,0.21100054506994703,0.20961659512104444,0.20930639587301775,0.20593396537904515,0.20085309857240186,0.19853132187516348,0.18698430254182213,0.19175434248357412,0.18208603094743842,0.1793263524004643,0.17689961311943092,0.1708973064570618,0.16492989824937104,0.15488557783076518,0.14509888789952616,0.13147275497572947,0.13484230879476058,0.12501074312152793,0.1356250079283591,0.14197743097755683,0.13060437758968566,0.12047542251743854,0.11369904368015206
T=0.055,0.9381286408872597,0.9447674124263781,0.9470899427455093,0.9518513689331229,0.9600317771811838,0.9618471280992738,0.9659238383034832,0.9709631136793649,0.9726799512254716,0.9796680671159309,0.9831387901530707,0.9863604894458238,0.9878995334224074,0.9893890258796666,0.9921130323069788,0.9946421631229978,0.9999999999999998,0.9941895114879262,0.9867688467699467,0.983551236921877,0.9785219305762857,0.9697559260729666,0.9608033321201968,0.953970642424036,0.9464203602949532,0.9381245875130233,0.9312488824430004,0.919136267472608,0.9060942986981786,0.8938655258940691,0.889593691220445,0.8823486798256801,0.8709077179397686,0.8596687855910563,0.8479396076886402,0.8384755873763278,0.8286333104289341,0.819647286747057,0.8036869128933477,0.7823722431686222,0.7676168604081289,0.7556536004663388,0.7393398709922463,0.7317739086961124,0.7246315883729932,0.7055247356762555,0.6878438175813278,0.6783591143937204,0.6681481456130594,0.6499935618569346,0.6347059121843028,0.6163241044245666,0.5957354213445778,0.5871980745138964,0.579613829433801,0.5630093575283397,0.5483742577158403,0.5063743017711987,0.46925414120415265,0.4397940678522612,0.4341585585965945,0.41685095174368825,0.3942962262583994,0.3720084151381668,0.35722102013610185,0.34035034709964607,0.32104090355436143,0.30365743015077595,0.2749098509182388,0.25932005217374676,0.24626555091826371,0.2371041815224086,0.21610923189399578,0.20505066045433507,0.195905985242001,0.1827595079934886,0.1789229302485171,0.17578640066761447,0.1753034805767106,0.1836468989917225,0.19261433744431908,0.19336542089807301,0.19275169441806717,0.1921381148001084,0.1919680740638266,0.1891585668394943,0.18467319967120993,0.1830947991502516,0.1722769701496897,0.1782245280072959,0.16880673875501373,0.1663440665351819,0.16388433670502875,0.1584191840043381,0.15284320631829298,0.14397823427112214,0.13373555692795594,0.11996433349316891,0.12323413266804902,0.11341371134389353,0.12341374551374952,0.1272966157773095,0.11684269352511217,0.10755751588504148,0.10144883729570653
T=0.06,0.9281483629730494,0.9347914142154569,0.9372459713519917,0.9421864925526523,0.9505888653228489,0.9524650160777636,0.9565584051936351,0.9617516927096311,0.9635520946417564,0.9710522495132182,0.9745577633498005,0.9781662148678788,0.9799619544298688,0.9817625397490419,0.9846868166186016,0.9873265989932138,0.9941895114879262,1.0000000000000002,0.9942524233648168,0.9912797538873757,0.9866595950889117,0.9783603895435933,0.9693474663910014,0.9623842699842897,0.954246831786655,0.9454419724067672,0.9385552604630515,0.9252298607918265,0.9104525754761005,0.8965513549975895,0.8920072119144244,0.8840567077518944,0.8710306053570764,0.8582079890060116,0.8454357605818315,0.8344855887794307,0.8228784722875393,0.8126208199573003,0.7948250109741885,0.7724059572565204,0.7568514733576261,0.7442079005123791,0.7259716698968097,0.7173564453622276,0.7095642628074833,0.6899896308220952,0.6722942795485702,0.6626023179711286,0.6516124739285365,0.6327434346550965,0.6169281844533889,0.597875833502707,0.5769919622573304,0.5684697171778494,0.5611049083120729,0.5445847906944181,0.5298703961178513,0.48642157624558297,0.44875053428402056,0.4192976236745451,0.4134077925631684,0.3957569981126889,0.3725830150882305,0.3504078228347597,0.33580208210121537,0.3188029703288415,0.29953364641352,0.2821161911959271,0.2528950252266297,0.23785143584261106,0.22461466666831933,0.21514310571307468,0.19463743276445677,0.18380879340076078,0.17656325751317425,0.16428653340209348,0.16049177884189994,0.15767060223152982,0.15754038706081525,0.16689745700128167,0.17624331603135376,0.17762460281658318,0.17792492702427473,0.1781829082699387,0.17857564098340245,0.1766627376498677,0.17298952598219666,0.17213080694719374,0.16230936749793332,0.16910645619571404,0.1589150336334184,0.15676516094482018,0.15492217092559157,0.15002333819442853,0.1447579335125478,0.13712165545833827,0.1267785609516843,0.11444818860380578,0.11760044323743019,0.10783795896330885,0.11731757892437292,0.11867576295588338,0.10718220295098657,0.09775004089269368,0.09152926303043599
T=0.065,0.9183781510239575,0.925088837615568,0.9277278321671539,0.932633360435809,0.9412064885196884,0.9431236248825906,0.9472522701593873,0.9525639336876587,0.9544068624271347,0.9621533774837392,0.9656811878483914,0.9694024157655357,0.971439990120364,0.9734532088123619,0.9764438236913047,0.9793142134321555,0.9867688467699467,0.9942524233648168,1.0,0.9986100841837147,0.9942426065072597,0.9856071046943401,0.9765612393706088,0.9685645713091492,0.9599004064005493,0.9509403940103689,0.9434857979191522,0.9292917105858592,0.9137538687523713,0.8984912330255154,0.8934771810540993,0.8843273809709608,0.8709566623070827,0.8568998991869763,0.8429914547517023,0.8310361458368007,0.8183473258751637,0.806831162113656,0.7880828011747452,0.7637645232380097,0.7474355303177384,0.7341686385959543,0.7150493990366076,0.7057555548767833,0.6976901435027004,0.6773743589383976,0.6594927716979078,0.649869653558143,0.638748072178658,0.6191526367510358,0.6027365815417252,0.5832156352829372,0.5618663787454564,0.55323215931126,0.5460486936626892,0.5299739594729097,0.5153108586588271,0.4707966061402248,0.4325876241949611,0.4025000750161181,0.3966259469091962,0.3790583249655436,0.35546772215906985,0.3330220587524115,0.31901978268693515,0.30251811180720084,0.28391490683925696,0.26690512130056426,0.23792889116328492,0.2229391270504563,0.21015714462725524,0.200828969811507,0.18028469584321855,0.16930124512915384,0.1629189824731942,0.15120343264983763,0.1473784047325223,0.14494522318756767,0.14676801171362305,0.1565508423569148,0.16565267946200155,0.1667889907080433,0.16753355180951346,0.1689245818180367,0.16946104261814862,0.16810461929038026,0.16546803938762347,0.16508433289794427,0.15590125513133704,0.163249617611607,0.15269029748037738,0.15003465897739438,0.1482463289448662,0.14394127262282919,0.13891628959558655,0.13227034111189753,0.12244140269144564,0.10924377942474252,0.11254404844581939,0.1031431792947983,0.1121139015424731,0.11206863161051872,0.10009651875374208,0.09049935001597433,0.08386180161244002
